2022 0101
2022 0102
2022 0103
2022 0131
2022 0201
2022 0202
2022 0203
2022 0204
2022 0205
2022 0206
2022 0403
2022 0404
2022 0405
2022 0430
2022 0501
2022 0502
2022 0503
2022 0504
2022 0603
2022 0604
2022 0605
2022 0910
2022 0911
2022 0912
2022 1001
2022 1002
2022 1003
2022 1004
2022 1005
2022 1006
2022 1007
2022 1231

2023 0101
2023 0102
2023 0121
2023 0122
2023 0123
2023 0124
2023 0125
2023 0126
2023 0127
2023 0405
2023 0429
2023 0430
2023 0501
2023 0502
2023 0503
2023 0622
2023 0623
2023 0624
2023 0929
2023 0930
2023 1001
2023 1002
2023 1003
2023 1004
2023 1005
2023 1006
2023 1230
2023 1231

2024 0101
2024 0210
2024 0211
2024 0212
2024 0213
2024 0214
2024 0215
2024 0216
2024 0217
2024 0404
2024 0405
2024 0406
2024 0501
2024 0502
2024 0503
2024 0504
2024 0505
2024 0608
2024 0609
2024 0610
2024 0915
2024 0916
2024 0917
2024 1001
2024 1002
2024 1003
2024 1004
2024 1005
2024 1006
2024 1007
